[gd_scene load_steps=45 format=2]

[ext_resource path="res://Player/Player.tscn" type="PackedScene" id=1]
[ext_resource path="res://City/Tree.tscn" type="PackedScene" id=2]
[ext_resource path="res://Sprites/Houses/House.tscn" type="PackedScene" id=3]
[ext_resource path="res://Systems/TaskManager.gd" type="Script" id=4]
[ext_resource path="res://UI/StartMenu.gd" type="Script" id=5]
[ext_resource path="res://Systems/MusicManager.gd" type="Script" id=6]
[ext_resource path="res://Audio/Among my animal friends (100 BPM).ogg" type="AudioStream" id=7]
[ext_resource path="res://Sprites/UI/input_button.png" type="Texture" id=8]
[ext_resource path="res://UI/BeatIndicatorUI.gd" type="Script" id=9]
[ext_resource path="res://World.gd" type="Script" id=10]
[ext_resource path="res://Systems/InputManager.gd" type="Script" id=11]
[ext_resource path="res://UI/InputChainUI/InputChain.gd" type="Script" id=12]
[ext_resource path="res://Systems/Crowd.gd" type="Script" id=13]
[ext_resource path="res://Font/UIBig.tres" type="DynamicFont" id=14]
[ext_resource path="res://Font/UISmall.tres" type="DynamicFont" id=15]
[ext_resource path="res://GridMaps/StreetNew.meshlib" type="MeshLibrary" id=16]
[ext_resource path="res://UI/CrowdSize.gd" type="Script" id=17]
[ext_resource path="res://Sprites/UI/white.png" type="Texture" id=18]
[ext_resource path="res://Sprites/UI/gray.png" type="Texture" id=19]
[ext_resource path="res://UI/SpiritMeter.gd" type="Script" id=20]
[ext_resource path="res://UI/TimeLeft.gd" type="Script" id=21]
[ext_resource path="res://Systems/Goal.gd" type="Script" id=22]
[ext_resource path="res://Systems/SpawnAreas.gd" type="Script" id=23]
[ext_resource path="res://Systems/Bystanders.gd" type="Script" id=24]
[ext_resource path="res://Font/UITitle.tres" type="DynamicFont" id=25]
[ext_resource path="res://UI/Button.tscn" type="PackedScene" id=26]
[ext_resource path="res://Font/UICredits.tres" type="DynamicFont" id=27]
[ext_resource path="res://UI/ReturnMessage.gd" type="Script" id=28]
[ext_resource path="res://UI/GoalIndicator.tscn" type="PackedScene" id=29]
[ext_resource path="res://UI/Ending.tscn" type="PackedScene" id=30]
[ext_resource path="res://Sprites/Objects/street_closed.png" type="Texture" id=31]

[sub_resource type="Environment" id=1]
background_mode = 3
background_color = Color( 0.635294, 0.607843, 0.537255, 1 )
fog_enabled = true
fog_color = Color( 0.639216, 0.639216, 0.623529, 1 )
fog_depth_end = 15.0
fog_depth_curve = 1.07177
auto_exposure_enabled = true
dof_blur_far_enabled = true
dof_blur_far_distance = 6.0
dof_blur_far_transition = 6.0
dof_blur_far_amount = 0.12
dof_blur_far_quality = 2
dof_blur_near_enabled = true
dof_blur_near_distance = 3.0
dof_blur_near_transition = 0.32
dof_blur_near_amount = 0.15
dof_blur_near_quality = 2

[sub_resource type="BoxShape" id=2]
extents = Vector3( 1.16003, 1, 4.0051 )

[sub_resource type="BoxShape" id=3]
extents = Vector3( 3.72694, 1, 5.33575 )

[sub_resource type="BoxShape" id=4]
extents = Vector3( 19.4195, 1, 0.597871 )

[sub_resource type="BoxShape" id=5]
extents = Vector3( 5.0443, 1, 0.597871 )

[sub_resource type="BoxShape" id=6]
extents = Vector3( 9.50245, 1, 0.597871 )

[sub_resource type="BoxShape" id=7]
extents = Vector3( 0.998524, 1, 11.3073 )

[sub_resource type="BoxShape" id=8]
extents = Vector3( 4.74591, 1, 1.77571 )

[sub_resource type="BoxShape" id=9]
extents = Vector3( 1.72828, 1, 1.77571 )

[sub_resource type="BoxShape" id=10]
extents = Vector3( 2.73415, 1, 1.77571 )

[sub_resource type="BoxShape" id=11]
extents = Vector3( 1.95581, 1, 1.6594 )

[sub_resource type="BoxShape" id=12]
extents = Vector3( 6.47611, 1, 30.312 )

[sub_resource type="BoxShape" id=13]
extents = Vector3( 37.7085, 1, 5.90323 )

[node name="World" type="Spatial"]
script = ExtResource( 10 )

[node name="InputManager" type="Spatial" parent="."]
script = ExtResource( 11 )
beat_manager_node = NodePath("../BeatManager")

[node name="Player" parent="." instance=ExtResource( 1 )]
transform = Transform( 1, 0, 0, 0, 0.707107, 0.707107, 0, -0.707107, 0.707107, -0.000177383, 0.0352115, 0.858981 )

[node name="WorldEnvironment" type="WorldEnvironment" parent="."]
environment = SubResource( 1 )

[node name="DirectionalLight" type="DirectionalLight" parent="."]
transform = Transform( 0.703792, -0.443073, 0.555305, 0, 0.781673, 0.623689, -0.710407, -0.438947, 0.550135, 0, 1.46664, 2.28217 )
light_energy = 1.16
shadow_enabled = true
shadow_bias = 0.01

[node name="BeatManager" type="Spatial" parent="."]
script = ExtResource( 6 )

[node name="AudioStreamPlayer" type="AudioStreamPlayer" parent="BeatManager"]
stream = ExtResource( 7 )
volume_db = -10.097

[node name="Crowd" type="Spatial" parent="."]
transform = Transform( 1, 0, 0, 0, 1, 0, 0, 0, 1, 0.0147533, 0.0740387, 0.647541 )
script = ExtResource( 13 )

[node name="TaskTimer" type="Timer" parent="Crowd"]
wait_time = 5.0
one_shot = true
autostart = true

[node name="Bystanders" type="Spatial" parent="."]
transform = Transform( 1, 0, 0, 0, 1, 0, 0, 0, 1, 0, 0.0808756, 0.852619 )
script = ExtResource( 24 )

[node name="SpawnAreas" type="Spatial" parent="Bystanders"]
transform = Transform( 1, 0, 0, 0, 1, 0, 0, 0, 1, 0, -0.0808756, -0.852619 )
script = ExtResource( 23 )

[node name="Area" type="Area" parent="Bystanders/SpawnAreas"]
transform = Transform( 1, 0, 0, 0, 1, 0, 0, 0, 1, -3.68846, 0, 3.78743 )

[node name="CollisionShape" type="CollisionShape" parent="Bystanders/SpawnAreas/Area"]
transform = Transform( 1, 0, 0, 0, 1, 0, 0, 0, 1, -1.43006, 0, 0.713354 )
shape = SubResource( 2 )

[node name="Area2" type="Area" parent="Bystanders/SpawnAreas"]
transform = Transform( 1, 0, 0, 0, 1, 0, 0, 0, 1, 6.00495, 0, 3.78743 )

[node name="CollisionShape" type="CollisionShape" parent="Bystanders/SpawnAreas/Area2"]
transform = Transform( 1, 0, 0, 0, 1, 0, 0, 0, 1, -1.11235, 0, 0.455122 )
shape = SubResource( 2 )

[node name="Area9" type="Area" parent="Bystanders/SpawnAreas"]
transform = Transform( 1, 0, 0, 0, 1, 0, 0, 0, 1, 21.2389, 0, -3.4599 )

[node name="CollisionShape" type="CollisionShape" parent="Bystanders/SpawnAreas/Area9"]
transform = Transform( 1, 0, 0, 0, 1, 0, 0, 0, 1, -1.15774, 0, 2.08907 )
shape = SubResource( 3 )

[node name="Area3" type="Area" parent="Bystanders/SpawnAreas"]
transform = Transform( 1, 0, 0, 0, 1, 0, 0, 0, 1, 6.00495, 0, 11.533 )

[node name="CollisionShape" type="CollisionShape" parent="Bystanders/SpawnAreas/Area3"]
transform = Transform( 1, 0, 0, 0, 1, 0, 0, 0, 1, -2.26981, 0, 1.61008 )
shape = SubResource( 4 )

[node name="Area4" type="Area" parent="Bystanders/SpawnAreas"]
transform = Transform( 1, 0, 0, 0, 1, 0, 0, 0, 1, 6.00495, 0, 15.5726 )

[node name="CollisionShape" type="CollisionShape" parent="Bystanders/SpawnAreas/Area4"]
transform = Transform( 1, 0, 0, 0, 1, 0, 0, 0, 1, -2.26981, 0, 1.61008 )
shape = SubResource( 4 )

[node name="Area5" type="Area" parent="Bystanders/SpawnAreas"]
transform = Transform( 1, 0, 0, 0, 1, 0, 0, 0, 1, 6.00495, 0, 8.37692 )

[node name="CollisionShape" type="CollisionShape" parent="Bystanders/SpawnAreas/Area5"]
transform = Transform( 1, 0, 0, 0, 1, 0, 0, 0, 1, -2.48157, 0, 0.710099 )
shape = SubResource( 4 )

[node name="Area6" type="Area" parent="Bystanders/SpawnAreas"]
transform = Transform( 1, 0, 0, 0, 1, 0, 0, 0, 1, 6.00495, 0, 0.935267 )

[node name="CollisionShape" type="CollisionShape" parent="Bystanders/SpawnAreas/Area6"]
transform = Transform( 1, 0, 0, 0, 1, 0, 0, 0, 1, -17.3679, 0, 0.167472 )
shape = SubResource( 5 )

[node name="Area14" type="Area" parent="Bystanders/SpawnAreas"]
transform = Transform( 1, 0, 0, 0, 1, 0, 0, 0, 1, 6.00495, 0, 4.90577 )

[node name="CollisionShape" type="CollisionShape" parent="Bystanders/SpawnAreas/Area14"]
transform = Transform( 1, 0, 0, 0, 1, 0, 0, 0, 1, -17.3679, 0, 0.167472 )
shape = SubResource( 5 )

[node name="Area15" type="Area" parent="Bystanders/SpawnAreas"]
transform = Transform( 1, 0, 0, 0, 1, 0, 0, 0, 1, 6.00495, 0, 4.90577 )

[node name="CollisionShape" type="CollisionShape" parent="Bystanders/SpawnAreas/Area15"]
transform = Transform( 1, 0, 0, 0, 1, 0, 0, 0, 1, 5.23754, 0, -3.96185 )
shape = SubResource( 5 )

[node name="Area7" type="Area" parent="Bystanders/SpawnAreas"]
transform = Transform( 1, 0, 0, 0, 1, 0, 0, 0, 1, 6.00495, 0, -3.91849 )

[node name="CollisionShape" type="CollisionShape" parent="Bystanders/SpawnAreas/Area7"]
transform = Transform( 1, 0, 0, 0, 1, 0, 0, 0, 1, -2.55583, 0, 0.837831 )
shape = SubResource( 4 )

[node name="Area16" type="Area" parent="Bystanders/SpawnAreas"]
transform = Transform( 1, 0, 0, 0, 1, 0, 0, 0, 1, 6.00495, 0, -3.91849 )

[node name="CollisionShape" type="CollisionShape" parent="Bystanders/SpawnAreas/Area16"]
transform = Transform( 1, 0, 0, 0, 1, 0, 0, 0, 1, 10.0968, 0, 8.9906 )
shape = SubResource( 6 )

[node name="Area8" type="Area" parent="Bystanders/SpawnAreas"]
transform = Transform( 1, 0, 0, 0, 1, 0, 0, 0, 1, 6.00495, 0, -3.91849 )

[node name="CollisionShape" type="CollisionShape" parent="Bystanders/SpawnAreas/Area8"]
transform = Transform( 1, 0, 0, 0, 1, 0, 0, 0, 1, 0.964396, 0, 8.58691 )
shape = SubResource( 7 )

[node name="Area10" type="Area" parent="Bystanders/SpawnAreas"]

[node name="CollisionShape" type="CollisionShape" parent="Bystanders/SpawnAreas/Area10"]
transform = Transform( 1, 0, 0, 0, 1, 0, 0, 0, 1, -7.03636, 0, 6.03005 )
shape = SubResource( 7 )

[node name="Area11" type="Area" parent="Bystanders/SpawnAreas"]

[node name="CollisionShape" type="CollisionShape" parent="Bystanders/SpawnAreas/Area11"]
transform = Transform( 1, 0, 0, 0, 1, 0, 0, 0, 1, -14.9911, 0, 5.25846 )
shape = SubResource( 7 )

[node name="Area12" type="Area" parent="Bystanders/SpawnAreas"]

[node name="CollisionShape" type="CollisionShape" parent="Bystanders/SpawnAreas/Area12"]
transform = Transform( 1, 0, 0, 0, 1, 0, 0, 0, 1, 15.3018, 0, 5.57617 )
shape = SubResource( 7 )

[node name="Area13" type="Area" parent="Bystanders/SpawnAreas"]

[node name="CollisionShape" type="CollisionShape" parent="Bystanders/SpawnAreas/Area13"]
transform = Transform( 1, 0, 0, 0, 1, 0, 0, 0, 1, 25.1449, 0, 4.94075 )
shape = SubResource( 7 )

[node name="Area17" type="Area" parent="Bystanders/SpawnAreas"]

[node name="CollisionShape" type="CollisionShape" parent="Bystanders/SpawnAreas/Area17"]
transform = Transform( 1, 0, 0, 0, 1, 0, 0, 0, 1, 20.1287, 0, 14.9603 )
shape = SubResource( 8 )

[node name="Area18" type="Area" parent="Bystanders/SpawnAreas"]

[node name="CollisionShape" type="CollisionShape" parent="Bystanders/SpawnAreas/Area18"]
transform = Transform( 1, 0, 0, 0, 1, 0, 0, 0, 1, -3.95939, 0, 14.9603 )
shape = SubResource( 9 )

[node name="Area20" type="Area" parent="Bystanders/SpawnAreas"]

[node name="CollisionShape" type="CollisionShape" parent="Bystanders/SpawnAreas/Area20"]
transform = Transform( 1, 0, 0, 0, 1, 0, 0, 0, 1, 23.5699, 0, 7.44265 )
shape = SubResource( 9 )

[node name="Area21" type="Area" parent="Bystanders/SpawnAreas"]

[node name="CollisionShape" type="CollisionShape" parent="Bystanders/SpawnAreas/Area21"]
transform = Transform( 1, 0, 0, 0, 1, 0, 0, 0, 1, -13.295, 0, 3.30539 )
shape = SubResource( 9 )

[node name="Area19" type="Area" parent="Bystanders/SpawnAreas"]

[node name="CollisionShape" type="CollisionShape" parent="Bystanders/SpawnAreas/Area19"]
transform = Transform( 1, 0, 0, 0, 1, 0, 0, 0, 1, 14.6229, 0, 7.12501 )
shape = SubResource( 10 )

[node name="Trees" type="Spatial" parent="."]

[node name="Tree" parent="Trees" instance=ExtResource( 2 )]
transform = Transform( 1, 0, 0, 0, 1, 0, 0, 0, 1, -2.32521, 0, -1.27157 )

[node name="Tree19" parent="Trees" instance=ExtResource( 2 )]
transform = Transform( 1, 0, 0, 0, 1, 0, 0, 0, 1, -2.38157, 0, 14.2903 )

[node name="Tree2" parent="Trees" instance=ExtResource( 2 )]
transform = Transform( 1, 0, 0, 0, 1, 0, 0, 0, 1, -2.44673, 0, 3.8713 )

[node name="Tree18" parent="Trees" instance=ExtResource( 2 )]
transform = Transform( 1, 0, 0, 0, 1, 0, 0, 0, 1, -2.44673, 0, 0.46813 )

[node name="Tree3" parent="Trees" instance=ExtResource( 2 )]
transform = Transform( 1, 0, 0, 0, 1, 0, 0, 0, 1, -5.26378, 0, 15.2396 )

[node name="Tree11" parent="Trees" instance=ExtResource( 2 )]
transform = Transform( 1, 0, 0, 0, 1, 0, 0, 0, 1, -2.47173, 0, 11.2781 )

[node name="Tree12" parent="Trees" instance=ExtResource( 2 )]
transform = Transform( 1, 0, 0, 0, 1, 0, 0, 0, 1, -13.0651, -0.0576358, 3.26585 )

[node name="Tree15" parent="Trees" instance=ExtResource( 2 )]
transform = Transform( 1, 0, 0, 0, 1, 0, 0, 0, 1, -13.6261, 0, 15.2359 )

[node name="Tree16" parent="Trees" instance=ExtResource( 2 )]
transform = Transform( 1, 0, 0, 0, 1, 0, 0, 0, 1, -2.33915, 0.0239348, 7.30957 )

[node name="Tree17" parent="Trees" instance=ExtResource( 2 )]
transform = Transform( 1, 0, 0, 0, 1, 0, 0, 0, 1, 2.39936, -0.0490212, 3.77414 )

[node name="Tree13" parent="Trees" instance=ExtResource( 2 )]
transform = Transform( 1, 0, 0, 0, 1, 0, 0, 0, 1, 2.21061, -0.148504, 7.18891 )

[node name="Tree14" parent="Trees" instance=ExtResource( 2 )]
transform = Transform( 1, 0, 0, 0, 1, 0, 0, 0, 1, 10.9917, -0.00626564, 11.4863 )

[node name="Tree7" parent="Trees" instance=ExtResource( 2 )]
transform = Transform( 1, 0, 0, 0, 1, 0, 0, 0, 1, -2.12163, 0, -4.68467 )

[node name="Tree8" parent="Trees" instance=ExtResource( 2 )]
transform = Transform( 1, 0, 0, 0, 1, 0, 0, 0, 1, -0.173404, 0, -4.68467 )

[node name="Tree9" parent="Trees" instance=ExtResource( 2 )]
transform = Transform( 1, 0, 0, 0, 1, 0, 0, 0, 1, 1.24284, 0, -4.68467 )

[node name="Tree10" parent="Trees" instance=ExtResource( 2 )]
transform = Transform( 1, 0, 0, 0, 1, 0, 0, 0, 1, 4.28786, 0, -4.68467 )

[node name="Tree4" parent="Trees" instance=ExtResource( 2 )]
transform = Transform( 1, 0, 0, 0, 1, 0, 0, 0, 1, 8.23686, 0, 6.52027 )

[node name="Tree5" parent="Trees" instance=ExtResource( 2 )]
transform = Transform( 1, 0, 0, 0, 1, 0, 0, 0, 1, 2.46468, 0.0205908, 0.59522 )

[node name="Tree22" parent="Trees" instance=ExtResource( 2 )]
transform = Transform( 1, 0, 0, 0, 1, 0, 0, 0, 1, 18.8971, 0.0205908, 0.59522 )

[node name="Tree23" parent="Trees" instance=ExtResource( 2 )]
transform = Transform( 1, 0, 0, 0, 1, 0, 0, 0, 1, 16.7045, 0.0205908, -3.00576 )

[node name="Tree24" parent="Trees" instance=ExtResource( 2 )]
transform = Transform( 1, 0, 0, 0, 1, 0, 0, 0, 1, 16.7045, 0.0205908, 3.01564 )

[node name="Tree25" parent="Trees" instance=ExtResource( 2 )]
transform = Transform( 1, 0, 0, 0, 1, 0, 0, 0, 1, 20.9423, 0.0205908, 3.01564 )

[node name="Tree26" parent="Trees" instance=ExtResource( 2 )]
transform = Transform( 1, 0, 0, 0, 1, 0, 0, 0, 1, 21.3506, 0.0205908, -4.70755 )

[node name="Tree27" parent="Trees" instance=ExtResource( 2 )]
transform = Transform( 1, 0, 0, 0, 1, 0, 0, 0, 1, 22.923, 0.0205908, -0.825638 )

[node name="Tree28" parent="Trees" instance=ExtResource( 2 )]
transform = Transform( 1, 0, 0, 0, 1, 0, 0, 0, 1, 22.923, 0.0205908, 6.8715 )

[node name="Tree29" parent="Trees" instance=ExtResource( 2 )]
transform = Transform( 1, 0, 0, 0, 1, 0, 0, 0, 1, 21.2278, 0.0205908, 15.3414 )

[node name="Tree32" parent="Trees" instance=ExtResource( 2 )]
transform = Transform( 1, 0, 0, 0, 1, 0, 0, 0, 1, 16.7045, 0.0205908, 19.2985 )

[node name="Tree30" parent="Trees" instance=ExtResource( 2 )]
transform = Transform( 1, 0, 0, 0, 1, 0, 0, 0, 1, 26.3388, 0.0205908, 15.3498 )

[node name="Tree31" parent="Trees" instance=ExtResource( 2 )]
transform = Transform( 1, 0, 0, 0, 1, 0, 0, 0, 1, 26.3388, 0.0205908, 3.00381 )

[node name="Tree20" parent="Trees" instance=ExtResource( 2 )]
transform = Transform( 1, 0, 0, 0, 1, 0, 0, 0, 1, 11.9166, 9.53674e-07, 7.51476 )

[node name="Tree21" parent="Trees" instance=ExtResource( 2 )]
transform = Transform( 1, 0, 0, 0, 1, 0, 0, 0, 1, 13.6733, 0, 6.46443 )

[node name="Tree6" parent="Trees" instance=ExtResource( 2 )]
transform = Transform( 1, 0, 0, 0, 1, 0, 0, 0, 1, 2.0584, 0, -1.61051 )

[node name="Houses" type="Spatial" parent="."]
transform = Transform( 1, 0, 0, 0, 1, 0, 0, 0, 1, 0, 0.0536704, -0.315549 )

[node name="House" parent="Houses" instance=ExtResource( 3 )]
transform = Transform( 1, 0, 0, 0, 0.707107, 0.707107, 0, -0.707107, 0.707107, -0.116402, 0.495138, 0.841704 )

[node name="House2" parent="Houses" instance=ExtResource( 3 )]
transform = Transform( 0.999908, 0.00958893, -0.00958893, 0, 0.707107, 0.707107, 0.0135608, -0.707042, 0.707042, 3.75911, 0.495138, 0.874582 )

[node name="House3" parent="Houses" instance=ExtResource( 3 )]
transform = Transform( 1, 0, 0, 0, 0.707107, 0.707107, 0, -0.707107, 0.707107, -4.19944, 0.495138, 0.809847 )

[node name="House4" parent="Houses" instance=ExtResource( 3 )]
transform = Transform( 1, 0, 0, 0, 0.707107, 0.707107, 0, -0.707107, 0.707107, -4.16925, 0.444812, 12.9009 )

[node name="House23" parent="Houses" instance=ExtResource( 3 )]
transform = Transform( 1, 0, 0, 0, 0.707107, 0.707107, 0, -0.707107, 0.707107, 1.62822, 0.491248, 12.8818 )

[node name="House25" parent="Houses" instance=ExtResource( 3 )]
transform = Transform( 1, 0, 0, 0, 0.707107, 0.707107, 0, -0.707107, 0.707107, 1.61273, 0.509661, 16.8851 )

[node name="House5" parent="Houses" instance=ExtResource( 3 )]
transform = Transform( 1, 0, 0, 0, 0.707107, 0.707107, 0, -0.707107, 0.707107, 4.3157, 0.489737, 12.857 )

[node name="House26" parent="Houses" instance=ExtResource( 3 )]
transform = Transform( 1, 0, 0, 0, 0.707107, 0.707107, 0, -0.707107, 0.707107, 9.30844, 0.489737, 12.857 )

[node name="House27" parent="Houses" instance=ExtResource( 3 )]
transform = Transform( 1, 0, 0, 0, 0.707107, 0.707107, 0, -0.707107, 0.707107, 12.761, 0.489737, 12.857 )

[node name="House28" parent="Houses" instance=ExtResource( 3 )]
transform = Transform( 1, 0, 0, 0, 0.707107, 0.707107, 0, -0.707107, 0.707107, 12.4851, 0.489737, 16.8875 )

[node name="House29" parent="Houses" instance=ExtResource( 3 )]
transform = Transform( 1, 0, 0, 0, 0.707107, 0.707107, 0, -0.707107, 0.707107, 9.75906, 0.489737, 16.8875 )

[node name="House24" parent="Houses" instance=ExtResource( 3 )]
transform = Transform( 1, 0, 0, 0, 0.707107, 0.707107, 0, -0.707107, 0.707107, 4.3157, 0.489737, 16.8914 )

[node name="House6" parent="Houses" instance=ExtResource( 3 )]
transform = Transform( 1, 0, 0, 0, 0.707107, 0.707107, 0, -0.707107, 0.707107, 4.31219, 0.495138, -3.26908 )

[node name="House9" parent="Houses" instance=ExtResource( 3 )]
transform = Transform( 1, 0, 0, 0, 0.707107, 0.707107, 0, -0.707107, 0.707107, 9.8264, 0.462024, -3.29474 )

[node name="House33" parent="Houses" instance=ExtResource( 3 )]
transform = Transform( 1, 0, 0, 0, 0.707107, 0.707107, 0, -0.707107, 0.707107, 9.8264, 0.462024, 0.628892 )

[node name="House32" parent="Houses" instance=ExtResource( 3 )]
transform = Transform( 1, 0, 0, 0, 0.707107, 0.707107, 0, -0.707107, 0.707107, 12.2515, 0.462024, -3.29474 )

[node name="House34" parent="Houses" instance=ExtResource( 3 )]
transform = Transform( 1, 0, 0, 0, 0.707107, 0.707107, 0, -0.707107, 0.707107, 12.2515, 0.462024, 0.586494 )

[node name="House10" parent="Houses" instance=ExtResource( 3 )]
transform = Transform( 1, 0, 0, 0, 0.707107, 0.707107, 0, -0.707107, 0.707107, 9.47383, 0.450386, 4.78693 )

[node name="House30" parent="Houses" instance=ExtResource( 3 )]
transform = Transform( 1, 0, 0, 0, 0.707107, 0.707107, 0, -0.707107, 0.707107, 12.0354, 0.450386, 4.78693 )

[node name="House31" parent="Houses" instance=ExtResource( 3 )]
transform = Transform( 1, 0, 0, 0, 0.707107, 0.707107, 0, -0.707107, 0.707107, 9.94722, 0.450386, 8.57803 )

[node name="House11" parent="Houses" instance=ExtResource( 3 )]
transform = Transform( 1, 0, 0, 0, 0.707107, 0.707107, 0, -0.707107, 0.707107, -4.71418, 0.495138, -3.17803 )

[node name="House12" parent="Houses" instance=ExtResource( 3 )]
transform = Transform( 1, 0, 0, 0, 0.707107, 0.707107, 0, -0.707107, 0.707107, -12.0373, 0.452516, -3.16973 )

[node name="House13" parent="Houses" instance=ExtResource( 3 )]
transform = Transform( 1, 0, 0, 0, 0.707107, 0.707107, 0, -0.707107, 0.707107, -9.64478, 0.452516, -3.16498 )

[node name="House14" parent="Houses" instance=ExtResource( 3 )]
transform = Transform( 1, 0, 0, 0, 0.707107, 0.707107, 0, -0.707107, 0.707107, -9.64478, 0.452516, 0.819001 )

[node name="House15" parent="Houses" instance=ExtResource( 3 )]
transform = Transform( 1, 0, 0, 0, 0.707107, 0.707107, 0, -0.707107, 0.707107, -12.2243, 0.452516, 0.819001 )

[node name="House16" parent="Houses" instance=ExtResource( 3 )]
transform = Transform( 1, 0, 0, 0, 0.707107, 0.707107, 0, -0.707107, 0.707107, -12.2243, 0.452516, 8.87025 )

[node name="House19" parent="Houses" instance=ExtResource( 3 )]
transform = Transform( 1, 0, 0, 0, 0.707107, 0.707107, 0, -0.707107, 0.707107, -12.2243, 0.452516, 12.994 )

[node name="House20" parent="Houses" instance=ExtResource( 3 )]
transform = Transform( 1, 0, 0, 0, 0.707107, 0.707107, 0, -0.707107, 0.707107, -9.575, 0.452516, 12.994 )

[node name="House21" parent="Houses" instance=ExtResource( 3 )]
transform = Transform( 1, 0, 0, 0, 0.707107, 0.707107, 0, -0.707107, 0.707107, -9.575, 0.452516, 16.8705 )

[node name="House22" parent="Houses" instance=ExtResource( 3 )]
transform = Transform( 1, 0, 0, 0, 0.707107, 0.707107, 0, -0.707107, 0.707107, -12.0343, 0.452516, 16.8705 )

[node name="House17" parent="Houses" instance=ExtResource( 3 )]
transform = Transform( 1, 0, 0, 0, 0.707107, 0.707107, 0, -0.707107, 0.707107, -9.50297, 0.452516, 4.75521 )

[node name="House18" parent="Houses" instance=ExtResource( 3 )]
transform = Transform( 1, 0, 0, 0, 0.707107, 0.707107, 0, -0.707107, 0.707107, -9.50297, 0.452516, 8.8985 )

[node name="House7" parent="Houses" instance=ExtResource( 3 )]
transform = Transform( 1, 0, 0, 0, 0.707107, 0.707107, 0, -0.707107, 0.707107, 1.58774, 0.495138, -3.15393 )

[node name="House8" parent="Houses" instance=ExtResource( 3 )]
transform = Transform( 1, 0, 0, 0, 0.707107, 0.707107, 0, -0.707107, 0.707107, -2.11276, 0.495138, -3.21453 )

[node name="Block" type="Spatial" parent="Houses"]

[node name="House35" parent="Houses/Block" instance=ExtResource( 3 )]
transform = Transform( 1, 0, 0, 0, 0.707107, 0.707107, 0, -0.707107, 0.707107, -17.4583, 0.495, -3.24973 )

[node name="House36" parent="Houses/Block" instance=ExtResource( 3 )]
transform = Transform( 1, 0, 0, 0, 0.707107, 0.707107, 0, -0.707107, 0.707107, -20.5727, 0.495, -3.24973 )

[node name="House37" parent="Houses/Block" instance=ExtResource( 3 )]
transform = Transform( 1, 0, 0, 0, 0.707107, 0.707107, 0, -0.707107, 0.707107, -23.4063, 0.495, -3.24973 )

[node name="House38" parent="Houses/Block" instance=ExtResource( 3 )]
transform = Transform( 1, 0, 0, 0, 0.707107, 0.707107, 0, -0.707107, 0.707107, -26.7132, 0.495, -3.24973 )

[node name="House39" parent="Houses/Block" instance=ExtResource( 3 )]
transform = Transform( 1, 0, 0, 0, 0.707107, 0.707107, 0, -0.707107, 0.707107, -26.7132, 0.495, -3.24973 )

[node name="Block15" type="Spatial" parent="Houses"]
transform = Transform( 1, 0, 0, 0, 1, 0, 0, 0, 1, 0, 0, -2.224 )

[node name="House35" parent="Houses/Block15" instance=ExtResource( 3 )]
transform = Transform( 1, 0, 0, 0, 0.707107, 0.707107, 0, -0.707107, 0.707107, -17.4583, 0.495, -3.24973 )

[node name="House36" parent="Houses/Block15" instance=ExtResource( 3 )]
transform = Transform( 1, 0, 0, 0, 0.707107, 0.707107, 0, -0.707107, 0.707107, -20.5727, 0.495, -3.24973 )

[node name="House37" parent="Houses/Block15" instance=ExtResource( 3 )]
transform = Transform( 1, 0, 0, 0, 0.707107, 0.707107, 0, -0.707107, 0.707107, -23.4063, 0.495, -3.24973 )

[node name="House38" parent="Houses/Block15" instance=ExtResource( 3 )]
transform = Transform( 1, 0, 0, 0, 0.707107, 0.707107, 0, -0.707107, 0.707107, -26.7132, 0.495, -3.24973 )

[node name="House39" parent="Houses/Block15" instance=ExtResource( 3 )]
transform = Transform( 1, 0, 0, 0, 0.707107, 0.707107, 0, -0.707107, 0.707107, -26.7132, 0.495, -3.24973 )

[node name="Block2" type="Spatial" parent="Houses"]
transform = Transform( 1, 0, 0, 0, 1, 0, 0, 0, 1, 0.0401344, 0.0130968, 4.03337 )

[node name="House35" parent="Houses/Block2" instance=ExtResource( 3 )]
transform = Transform( 1, 0, 0, 0, 0.707107, 0.707107, 0, -0.707107, 0.707107, -17.4583, 0.495, -3.24973 )

[node name="House36" parent="Houses/Block2" instance=ExtResource( 3 )]
transform = Transform( 1, 0, 0, 0, 0.707107, 0.707107, 0, -0.707107, 0.707107, -20.5727, 0.495, -3.24973 )

[node name="House37" parent="Houses/Block2" instance=ExtResource( 3 )]
transform = Transform( 1, 0, 0, 0, 0.707107, 0.707107, 0, -0.707107, 0.707107, -23.4063, 0.495, -3.24973 )

[node name="House38" parent="Houses/Block2" instance=ExtResource( 3 )]
transform = Transform( 1, 0, 0, 0, 0.707107, 0.707107, 0, -0.707107, 0.707107, -26.7132, 0.495, -3.24973 )

[node name="House39" parent="Houses/Block2" instance=ExtResource( 3 )]
transform = Transform( 1, 0, 0, 0, 0.707107, 0.707107, 0, -0.707107, 0.707107, -26.7132, 0.495, -3.24973 )

[node name="Block3" type="Spatial" parent="Houses"]
transform = Transform( 1, 0, 0, 0, 1, 0, 0, 0, 1, 0.0401344, 0.0130968, 8.05451 )

[node name="House35" parent="Houses/Block3" instance=ExtResource( 3 )]
transform = Transform( 1, 0, 0, 0, 0.707107, 0.707107, 0, -0.707107, 0.707107, -17.4583, 0.495, -3.24973 )

[node name="House36" parent="Houses/Block3" instance=ExtResource( 3 )]
transform = Transform( 1, 0, 0, 0, 0.707107, 0.707107, 0, -0.707107, 0.707107, -20.5727, 0.495, -3.24973 )

[node name="House37" parent="Houses/Block3" instance=ExtResource( 3 )]
transform = Transform( 1, 0, 0, 0, 0.707107, 0.707107, 0, -0.707107, 0.707107, -23.4063, 0.495, -3.24973 )

[node name="House38" parent="Houses/Block3" instance=ExtResource( 3 )]
transform = Transform( 1, 0, 0, 0, 0.707107, 0.707107, 0, -0.707107, 0.707107, -26.7132, 0.495, -3.24973 )

[node name="House39" parent="Houses/Block3" instance=ExtResource( 3 )]
transform = Transform( 1, 0, 0, 0, 0.707107, 0.707107, 0, -0.707107, 0.707107, -26.7132, 0.495, -3.24973 )

[node name="Block4" type="Spatial" parent="Houses"]
transform = Transform( 1, 0, 0, 0, 1, 0, 0, 0, 1, 0.0401344, 0.0130968, 11.9037 )

[node name="House35" parent="Houses/Block4" instance=ExtResource( 3 )]
transform = Transform( 1, 0, 0, 0, 0.707107, 0.707107, 0, -0.707107, 0.707107, -17.4583, 0.495, -3.24973 )

[node name="House36" parent="Houses/Block4" instance=ExtResource( 3 )]
transform = Transform( 1, 0, 0, 0, 0.707107, 0.707107, 0, -0.707107, 0.707107, -20.5727, 0.495, -3.24973 )

[node name="House37" parent="Houses/Block4" instance=ExtResource( 3 )]
transform = Transform( 1, 0, 0, 0, 0.707107, 0.707107, 0, -0.707107, 0.707107, -23.4063, 0.495, -3.24973 )

[node name="House38" parent="Houses/Block4" instance=ExtResource( 3 )]
transform = Transform( 1, 0, 0, 0, 0.707107, 0.707107, 0, -0.707107, 0.707107, -26.7132, 0.495, -3.24973 )

[node name="House39" parent="Houses/Block4" instance=ExtResource( 3 )]
transform = Transform( 1, 0, 0, 0, 0.707107, 0.707107, 0, -0.707107, 0.707107, -26.7132, 0.495, -3.24973 )

[node name="Block5" type="Spatial" parent="Houses"]
transform = Transform( 1, 0, 0, 0, 1, 0, 0, 0, 1, 0.0401344, 0.0130968, 16.0372 )

[node name="House35" parent="Houses/Block5" instance=ExtResource( 3 )]
transform = Transform( 1, 0, 0, 0, 0.707107, 0.707107, 0, -0.707107, 0.707107, -17.4583, 0.495, -3.24973 )

[node name="House36" parent="Houses/Block5" instance=ExtResource( 3 )]
transform = Transform( 1, 0, 0, 0, 0.707107, 0.707107, 0, -0.707107, 0.707107, -20.5727, 0.495, -3.24973 )

[node name="House37" parent="Houses/Block5" instance=ExtResource( 3 )]
transform = Transform( 1, 0, 0, 0, 0.707107, 0.707107, 0, -0.707107, 0.707107, -23.4063, 0.495, -3.24973 )

[node name="House38" parent="Houses/Block5" instance=ExtResource( 3 )]
transform = Transform( 1, 0, 0, 0, 0.707107, 0.707107, 0, -0.707107, 0.707107, -26.7132, 0.495, -3.24973 )

[node name="House39" parent="Houses/Block5" instance=ExtResource( 3 )]
transform = Transform( 1, 0, 0, 0, 0.707107, 0.707107, 0, -0.707107, 0.707107, -26.7132, 0.495, -3.24973 )

[node name="Block6" type="Spatial" parent="Houses"]
transform = Transform( 1, 0, 0, 0, 1, 0, 0, 0, 1, 0.0401344, 0.0130968, 19.7808 )

[node name="House35" parent="Houses/Block6" instance=ExtResource( 3 )]
transform = Transform( 1, 0, 0, 0, 0.707107, 0.707107, 0, -0.707107, 0.707107, -17.4583, 0.495, -3.24973 )

[node name="House36" parent="Houses/Block6" instance=ExtResource( 3 )]
transform = Transform( 1, 0, 0, 0, 0.707107, 0.707107, 0, -0.707107, 0.707107, -20.5727, 0.495, -3.24973 )

[node name="House37" parent="Houses/Block6" instance=ExtResource( 3 )]
transform = Transform( 1, 0, 0, 0, 0.707107, 0.707107, 0, -0.707107, 0.707107, -23.4063, 0.495, -3.24973 )

[node name="House38" parent="Houses/Block6" instance=ExtResource( 3 )]
transform = Transform( 1, 0, 0, 0, 0.707107, 0.707107, 0, -0.707107, 0.707107, -26.7132, 0.495, -3.24973 )

[node name="House39" parent="Houses/Block6" instance=ExtResource( 3 )]
transform = Transform( 1, 0, 0, 0, 0.707107, 0.707107, 0, -0.707107, 0.707107, -26.7132, 0.495, -3.24973 )

[node name="Block7" type="Spatial" parent="Houses"]
transform = Transform( 1, 0, 0, 0, 1, 0, 0, 0, 1, 0.0401344, 0.0130968, 23.9494 )

[node name="House35" parent="Houses/Block7" instance=ExtResource( 3 )]
transform = Transform( 1, 0, 0, 0, 0.707107, 0.707107, 0, -0.707107, 0.707107, -17.4583, 0.495, -3.24973 )

[node name="House36" parent="Houses/Block7" instance=ExtResource( 3 )]
transform = Transform( 1, 0, 0, 0, 0.707107, 0.707107, 0, -0.707107, 0.707107, -20.5727, 0.495, -3.24973 )

[node name="House37" parent="Houses/Block7" instance=ExtResource( 3 )]
transform = Transform( 1, 0, 0, 0, 0.707107, 0.707107, 0, -0.707107, 0.707107, -23.4063, 0.495, -3.24973 )

[node name="House38" parent="Houses/Block7" instance=ExtResource( 3 )]
transform = Transform( 1, 0, 0, 0, 0.707107, 0.707107, 0, -0.707107, 0.707107, -26.7132, 0.495, -3.24973 )

[node name="House39" parent="Houses/Block7" instance=ExtResource( 3 )]
transform = Transform( 1, 0, 0, 0, 0.707107, 0.707107, 0, -0.707107, 0.707107, -26.7132, 0.495, -3.24973 )

[node name="Block8" type="Spatial" parent="Houses"]
transform = Transform( 1, 0, 0, 0, 1, 0, 0, 0, 1, 12.8788, 0.0130968, 23.9494 )

[node name="House35" parent="Houses/Block8" instance=ExtResource( 3 )]
transform = Transform( 1, 0, 0, 0, 0.707107, 0.707107, 0, -0.707107, 0.707107, -16.9696, 0.495, -3.24973 )

[node name="House36" parent="Houses/Block8" instance=ExtResource( 3 )]
transform = Transform( 1, 0, 0, 0, 0.707107, 0.707107, 0, -0.707107, 0.707107, 6.94485, 0.495, -15.1544 )

[node name="House37" parent="Houses/Block8" instance=ExtResource( 3 )]
transform = Transform( 1, 0, 0, 0, 0.707107, 0.707107, 0, -0.707107, 0.707107, -22.6025, 0.495, -3.24973 )

[node name="House38" parent="Houses/Block8" instance=ExtResource( 3 )]
transform = Transform( 1, 0, 0, 0, 0.707107, 0.707107, 0, -0.707107, 0.707107, -24.9624, 0.560628, -3.10372 )

[node name="House39" parent="Houses/Block8" instance=ExtResource( 3 )]
transform = Transform( 1, 0, 0, 0, 0.707107, 0.707107, 0, -0.707107, 0.707107, -26.7132, 0.495, 3.06011 )

[node name="Block9" type="Spatial" parent="Houses"]
transform = Transform( 1, 0, 0, 0, 1, 0, 0, 0, 1, 25.8518, 0.0130968, 23.9494 )

[node name="House35" parent="Houses/Block9" instance=ExtResource( 3 )]
transform = Transform( 1, 0, 0, 0, 0.707107, 0.707107, 0, -0.707107, 0.707107, -16.1644, 0.495, -3.24973 )

[node name="House36" parent="Houses/Block9" instance=ExtResource( 3 )]
transform = Transform( 1, 0, 0, 0, 0.707107, 0.707107, 0, -0.707107, 0.707107, -20.5727, 0.495, -3.24973 )

[node name="House37" parent="Houses/Block9" instance=ExtResource( 3 )]
transform = Transform( 1, 0, 0, 0, 0.707107, 0.707107, 0, -0.707107, 0.707107, -23.4063, 0.495, -3.24973 )

[node name="House38" parent="Houses/Block9" instance=ExtResource( 3 )]
transform = Transform( 1, 0, 0, 0, 0.707107, 0.707107, 0, -0.707107, 0.707107, -4.54443, 0.495, -11.0742 )

[node name="House39" parent="Houses/Block9" instance=ExtResource( 3 )]
transform = Transform( 1, 0, 0, 0, 0.707107, 0.707107, 0, -0.707107, 0.707107, -29.385, 0.495, 4.02744 )

[node name="Block10" type="Spatial" parent="Houses"]
transform = Transform( 1, 0, 0, 0, 1, 0, 0, 0, 1, 39.2048, 0.0130968, 23.9494 )

[node name="House35" parent="Houses/Block10" instance=ExtResource( 3 )]
transform = Transform( 1, 0, 0, 0, 0.707107, 0.707107, 0, -0.707107, 0.707107, -17.4583, 0.495, -3.24973 )

[node name="House36" parent="Houses/Block10" instance=ExtResource( 3 )]
transform = Transform( 1, 0, 0, 0, 0.707107, 0.707107, 0, -0.707107, 0.707107, -20.5727, 0.495, -3.24973 )

[node name="House37" parent="Houses/Block10" instance=ExtResource( 3 )]
transform = Transform( 1, 0, 0, 0, 0.707107, 0.707107, 0, -0.707107, 0.707107, -21.3377, 0.495, -11.0996 )

[node name="House38" parent="Houses/Block10" instance=ExtResource( 3 )]
transform = Transform( 1, 0, 0, 0, 0.707107, 0.707107, 0, -0.707107, 0.707107, -26.7132, 0.495, -3.24973 )

[node name="House39" parent="Houses/Block10" instance=ExtResource( 3 )]
transform = Transform( 1, 0, 0, 0, 0.707107, 0.707107, 0, -0.707107, 0.707107, -26.7132, 0.495, -3.24973 )

[node name="Block11" type="Spatial" parent="Houses"]
transform = Transform( 1, 0, 0, 0, 1, 0, 0, 0, 1, 39.2048, 0.0130968, -4.2654 )

[node name="House35" parent="Houses/Block11" instance=ExtResource( 3 )]
transform = Transform( 1, 0, 0, 0, 0.707107, 0.707107, 0, -0.707107, 0.707107, -17.4583, 0.495, -3.24973 )

[node name="House36" parent="Houses/Block11" instance=ExtResource( 3 )]
transform = Transform( 1, 0, 0, 0, 0.707107, 0.707107, 0, -0.707107, 0.707107, -20.5727, 0.495, -3.24973 )

[node name="House37" parent="Houses/Block11" instance=ExtResource( 3 )]
transform = Transform( 1, 0, 0, 0, 0.707107, 0.707107, 0, -0.707107, 0.707107, -23.4063, 0.495, -3.24973 )

[node name="House38" parent="Houses/Block11" instance=ExtResource( 3 )]
transform = Transform( 1, 0, 0, 0, 0.707107, 0.707107, 0, -0.707107, 0.707107, -26.7132, 0.495, -3.24973 )

[node name="House39" parent="Houses/Block11" instance=ExtResource( 3 )]
transform = Transform( 1, 0, 0, 0, 0.707107, 0.707107, 0, -0.707107, 0.707107, -26.7132, 0.495, -3.24973 )

[node name="Block12" type="Spatial" parent="Houses"]
transform = Transform( 1, 0, 0, 0, 1, 0, 0, 0, 1, 26.398, 0.0130968, -4.2654 )

[node name="House35" parent="Houses/Block12" instance=ExtResource( 3 )]
transform = Transform( 1, 0, 0, 0, 0.707107, 0.707107, 0, -0.707107, 0.707107, -17.4583, 0.495, -3.24973 )

[node name="House36" parent="Houses/Block12" instance=ExtResource( 3 )]
transform = Transform( 1, 0, 0, 0, 0.707107, 0.707107, 0, -0.707107, 0.707107, -20.5727, 0.495, -3.24973 )

[node name="House37" parent="Houses/Block12" instance=ExtResource( 3 )]
transform = Transform( 1, 0, 0, 0, 0.707107, 0.707107, 0, -0.707107, 0.707107, -23.4063, 0.495, -3.24973 )

[node name="House38" parent="Houses/Block12" instance=ExtResource( 3 )]
transform = Transform( 1, 0, 0, 0, 0.707107, 0.707107, 0, -0.707107, 0.707107, -26.7132, 0.495, -3.24973 )

[node name="House39" parent="Houses/Block12" instance=ExtResource( 3 )]
transform = Transform( 1, 0, 0, 0, 0.707107, 0.707107, 0, -0.707107, 0.707107, -26.7132, 0.495, -3.24973 )

[node name="Block13" type="Spatial" parent="Houses"]
transform = Transform( 1, 0, 0, 0, 1, 0, 0, 0, 1, 13.3079, 0.0130968, -4.2654 )

[node name="House35" parent="Houses/Block13" instance=ExtResource( 3 )]
transform = Transform( 1, 0, 0, 0, 0.707107, 0.707107, 0, -0.707107, 0.707107, -17.4583, 0.495, -3.24973 )

[node name="House36" parent="Houses/Block13" instance=ExtResource( 3 )]
transform = Transform( 1, 0, 0, 0, 0.707107, 0.707107, 0, -0.707107, 0.707107, -20.5727, 0.495, -3.24973 )

[node name="House37" parent="Houses/Block13" instance=ExtResource( 3 )]
transform = Transform( 1, 0, 0, 0, 0.707107, 0.707107, 0, -0.707107, 0.707107, -23.4063, 0.495, -3.24973 )

[node name="House38" parent="Houses/Block13" instance=ExtResource( 3 )]
transform = Transform( 1, 0, 0, 0, 0.707107, 0.707107, 0, -0.707107, 0.707107, -26.7132, 0.495, -3.24973 )

[node name="House39" parent="Houses/Block13" instance=ExtResource( 3 )]
transform = Transform( 1, 0, 0, 0, 0.707107, 0.707107, 0, -0.707107, 0.707107, -26.7132, 0.495, -3.24973 )

[node name="Block14" type="Spatial" parent="Houses"]
transform = Transform( 1, 0, 0, 0, 1, 0, 0, 0, 1, 0.285734, 0.0130968, -4.2654 )

[node name="House35" parent="Houses/Block14" instance=ExtResource( 3 )]
transform = Transform( 1, 0, 0, 0, 0.707107, 0.707107, 0, -0.707107, 0.707107, -17.4583, 0.495, -3.24973 )

[node name="House36" parent="Houses/Block14" instance=ExtResource( 3 )]
transform = Transform( 1, 0, 0, 0, 0.707107, 0.707107, 0, -0.707107, 0.707107, -20.5727, 0.495, -3.24973 )

[node name="House37" parent="Houses/Block14" instance=ExtResource( 3 )]
transform = Transform( 1, 0, 0, 0, 0.707107, 0.707107, 0, -0.707107, 0.707107, -23.4063, 0.495, -3.24973 )

[node name="House38" parent="Houses/Block14" instance=ExtResource( 3 )]
transform = Transform( 1, 0, 0, 0, 0.707107, 0.707107, 0, -0.707107, 0.707107, -26.7132, 0.495, -3.24973 )

[node name="House39" parent="Houses/Block14" instance=ExtResource( 3 )]
transform = Transform( 1, 0, 0, 0, 0.707107, 0.707107, 0, -0.707107, 0.707107, -26.7132, 0.495, -3.24973 )

[node name="Block20" type="Spatial" parent="Houses"]
transform = Transform( 1, 0, 0, 0, 1, 0, 0, 0, 1, 54.3733, 0, 1.81668 )

[node name="House35" parent="Houses/Block20" instance=ExtResource( 3 )]
transform = Transform( 1, 0, 0, 0, 0.707107, 0.707107, 0, -0.707107, 0.707107, -17.4583, 0.495, -3.24973 )

[node name="House36" parent="Houses/Block20" instance=ExtResource( 3 )]
transform = Transform( 1, 0, 0, 0, 0.707107, 0.707107, 0, -0.707107, 0.707107, -20.5727, 0.495, -3.24973 )

[node name="House37" parent="Houses/Block20" instance=ExtResource( 3 )]
transform = Transform( 1, 0, 0, 0, 0.707107, 0.707107, 0, -0.707107, 0.707107, -23.4063, 0.495, -3.24973 )

[node name="House38" parent="Houses/Block20" instance=ExtResource( 3 )]
transform = Transform( 1, 0, 0, 0, 0.707107, 0.707107, 0, -0.707107, 0.707107, -26.7132, 0.495, -3.24973 )

[node name="House39" parent="Houses/Block20" instance=ExtResource( 3 )]
transform = Transform( 1, 0, 0, 0, 0.707107, 0.707107, 0, -0.707107, 0.707107, -26.7132, 0.495, -3.24973 )

[node name="Block21" type="Spatial" parent="Houses"]
transform = Transform( 1, 0, 0, 0, 1, 0, 0, 0, 1, 54.3733, 0, -0.17207 )

[node name="House35" parent="Houses/Block21" instance=ExtResource( 3 )]
transform = Transform( 1, 0, 0, 0, 0.707107, 0.707107, 0, -0.707107, 0.707107, -17.4583, 0.495, -3.24973 )

[node name="House36" parent="Houses/Block21" instance=ExtResource( 3 )]
transform = Transform( 1, 0, 0, 0, 0.707107, 0.707107, 0, -0.707107, 0.707107, -20.5727, 0.495, -3.24973 )

[node name="House37" parent="Houses/Block21" instance=ExtResource( 3 )]
transform = Transform( 1, 0, 0, 0, 0.707107, 0.707107, 0, -0.707107, 0.707107, -23.4063, 0.495, -3.24973 )

[node name="House38" parent="Houses/Block21" instance=ExtResource( 3 )]
transform = Transform( 1, 0, 0, 0, 0.707107, 0.707107, 0, -0.707107, 0.707107, -26.7132, 0.495, -3.24973 )

[node name="House39" parent="Houses/Block21" instance=ExtResource( 3 )]
transform = Transform( 1, 0, 0, 0, 0.707107, 0.707107, 0, -0.707107, 0.707107, -26.7132, 0.495, -3.24973 )

[node name="Block32" type="Spatial" parent="Houses"]
transform = Transform( 1, 0, 0, 0, 1, 0, 0, 0, 1, 55.3064, 0, -8.59327 )

[node name="House35" parent="Houses/Block32" instance=ExtResource( 3 )]
transform = Transform( 1, 0, 0, 0, 0.707107, 0.707107, 0, -0.707107, 0.707107, -17.4583, 0.495, -3.24973 )

[node name="House36" parent="Houses/Block32" instance=ExtResource( 3 )]
transform = Transform( 1, 0, 0, 0, 0.707107, 0.707107, 0, -0.707107, 0.707107, -20.5727, 0.495, -3.24973 )

[node name="House37" parent="Houses/Block32" instance=ExtResource( 3 )]
