[gd_scene load_steps=23 format=2]

[ext_resource path="res://Player/Player.tscn" type="PackedScene" id=1]
[ext_resource path="res://City/Tree.tscn" type="PackedScene" id=2]
[ext_resource path="res://Sprites/Houses/House.tscn" type="PackedScene" id=3]
[ext_resource path="res://Systems/TaskManager.gd" type="Script" id=4]
[ext_resource path="res://NPCs/Group.tscn" type="PackedScene" id=5]
[ext_resource path="res://Systems/MusicManager.gd" type="Script" id=6]
[ext_resource path="res://Audio/100BPM house free.ogg" type="AudioStream" id=7]
[ext_resource path="res://Sprites/UI/input_button.png" type="Texture" id=8]
[ext_resource path="res://UI/BeatIndicatorUI.gd" type="Script" id=9]
[ext_resource path="res://World.gd" type="Script" id=10]
[ext_resource path="res://Systems/InputManager.gd" type="Script" id=11]
[ext_resource path="res://UI/InputChainUI/InputChain.gd" type="Script" id=12]
[ext_resource path="res://Systems/Crowd.gd" type="Script" id=13]
[ext_resource path="res://Font/UIBig.tres" type="DynamicFont" id=14]
[ext_resource path="res://Font/UISmall.tres" type="DynamicFont" id=15]
[ext_resource path="res://GridMaps/StreetNew.meshlib" type="MeshLibrary" id=16]
[ext_resource path="res://UI/CrowdSize.gd" type="Script" id=17]
[ext_resource path="res://Sprites/UI/white.png" type="Texture" id=18]
[ext_resource path="res://Sprites/UI/gray.png" type="Texture" id=19]
[ext_resource path="res://UI/SpiritMeter.gd" type="Script" id=20]
[ext_resource path="res://UI/TimeLeft.gd" type="Script" id=21]

[sub_resource type="Environment" id=1]
background_mode = 3
background_color = Color( 0.635294, 0.607843, 0.537255, 1 )
dof_blur_far_enabled = true
dof_blur_far_distance = 6.0
dof_blur_far_transition = 6.0
dof_blur_far_quality = 2
dof_blur_near_enabled = true
dof_blur_near_distance = 3.0
dof_blur_near_transition = 0.32
dof_blur_near_amount = 0.15
dof_blur_near_quality = 2

[node name="World" type="Spatial"]
script = ExtResource( 10 )

[node name="InputManager" type="Spatial" parent="."]
script = ExtResource( 11 )
beat_manager_node = NodePath("../BeatManager")

[node name="Player" parent="." instance=ExtResource( 1 )]
transform = Transform( 1, 0, 0, 0, 0.707107, 0.707107, 0, -0.707107, 0.707107, -0.000177383, 0.0352115, 0.858981 )

[node name="WorldEnvironment" type="WorldEnvironment" parent="."]
environment = SubResource( 1 )

[node name="DirectionalLight" type="DirectionalLight" parent="."]
transform = Transform( 0.703792, -0.443073, 0.555305, 0, 0.781673, 0.623689, -0.710407, -0.438947, 0.550135, 0, 1.46664, 2.28217 )
light_energy = 1.16
shadow_enabled = true
shadow_bias = 0.01

[node name="Trees" type="Spatial" parent="."]

[node name="Tree" parent="Trees" instance=ExtResource( 2 )]
transform = Transform( 1, 0, 0, 0, 1, 0, 0, 0, 1, -2.32521, 0, -1.27157 )

[node name="Tree19" parent="Trees" instance=ExtResource( 2 )]
transform = Transform( 1, 0, 0, 0, 1, 0, 0, 0, 1, -2.38157, 0, 14.2903 )

[node name="Tree2" parent="Trees" instance=ExtResource( 2 )]
transform = Transform( 1, 0, 0, 0, 1, 0, 0, 0, 1, -2.44673, 0, 3.8713 )

[node name="Tree18" parent="Trees" instance=ExtResource( 2 )]
transform = Transform( 1, 0, 0, 0, 1, 0, 0, 0, 1, -2.44673, 0, 0.46813 )

[node name="Tree3" parent="Trees" instance=ExtResource( 2 )]
transform = Transform( 1, 0, 0, 0, 1, 0, 0, 0, 1, -5.26378, 0, 15.2396 )

[node name="Tree11" parent="Trees" instance=ExtResource( 2 )]
transform = Transform( 1, 0, 0, 0, 1, 0, 0, 0, 1, -2.47173, 0, 11.2781 )

[node name="Tree12" parent="Trees" instance=ExtResource( 2 )]
transform = Transform( 1, 0, 0, 0, 1, 0, 0, 0, 1, -13.0651, -0.0576358, 3.26585 )

[node name="Tree15" parent="Trees" instance=ExtResource( 2 )]
transform = Transform( 1, 0, 0, 0, 1, 0, 0, 0, 1, -13.6261, 0, 15.2359 )

[node name="Tree16" parent="Trees" instance=ExtResource( 2 )]
transform = Transform( 1, 0, 0, 0, 1, 0, 0, 0, 1, -2.33915, 0.0239348, 7.30957 )

[node name="Tree17" parent="Trees" instance=ExtResource( 2 )]
transform = Transform( 1, 0, 0, 0, 1, 0, 0, 0, 1, 2.39936, -0.0490212, 3.77414 )

[node name="Tree13" parent="Trees" instance=ExtResource( 2 )]
transform = Transform( 1, 0, 0, 0, 1, 0, 0, 0, 1, 2.21061, -0.148504, 7.18891 )

[node name="Tree14" parent="Trees" instance=ExtResource( 2 )]
transform = Transform( 1, 0, 0, 0, 1, 0, 0, 0, 1, 10.9917, -0.00626564, 11.4863 )

[node name="Tree7" parent="Trees" instance=ExtResource( 2 )]
transform = Transform( 1, 0, 0, 0, 1, 0, 0, 0, 1, -2.12163, 0, -4.68467 )

[node name="Tree8" parent="Trees" instance=ExtResource( 2 )]
transform = Transform( 1, 0, 0, 0, 1, 0, 0, 0, 1, -0.173404, 0, -4.68467 )

[node name="Tree9" parent="Trees" instance=ExtResource( 2 )]
transform = Transform( 1, 0, 0, 0, 1, 0, 0, 0, 1, 1.24284, 0, -4.68467 )

[node name="Tree10" parent="Trees" instance=ExtResource( 2 )]
transform = Transform( 1, 0, 0, 0, 1, 0, 0, 0, 1, 4.28786, 0, -4.68467 )

[node name="Tree4" parent="Trees" instance=ExtResource( 2 )]
transform = Transform( 1, 0, 0, 0, 1, 0, 0, 0, 1, 8.23686, 0, 6.52027 )

[node name="Tree5" parent="Trees" instance=ExtResource( 2 )]
transform = Transform( 1, 0, 0, 0, 1, 0, 0, 0, 1, 2.46468, 0.0205908, 0.59522 )

[node name="Tree20" parent="Trees" instance=ExtResource( 2 )]
transform = Transform( 1, 0, 0, 0, 1, 0, 0, 0, 1, 11.9166, 9.53674e-07, 7.51476 )

[node name="Tree21" parent="Trees" instance=ExtResource( 2 )]
transform = Transform( 1, 0, 0, 0, 1, 0, 0, 0, 1, 13.6733, 0, 6.46443 )

[node name="Tree6" parent="Trees" instance=ExtResource( 2 )]
transform = Transform( 1, 0, 0, 0, 1, 0, 0, 0, 1, 2.0584, 0, -1.61051 )

[node name="Crowd" type="Spatial" parent="."]
transform = Transform( 1, 0, 0, 0, 1, 0, 0, 0, 1, 0.0147533, 0.0740387, 0.647541 )
script = ExtResource( 13 )

[node name="TaskTimer" type="Timer" parent="Crowd"]
wait_time = 5.0
one_shot = true
autostart = true

[node name="Houses" type="Spatial" parent="."]
transform = Transform( 1, 0, 0, 0, 1, 0, 0, 0, 1, 0, 0.0536704, -0.315549 )

[node name="House" parent="Houses" instance=ExtResource( 3 )]
transform = Transform( 1, 0, 0, 0, 0.707107, 0.707107, 0, -0.707107, 0.707107, -0.116402, 0.495138, 0.841704 )

[node name="House2" parent="Houses" instance=ExtResource( 3 )]
transform = Transform( 0.999908, 0.00958893, -0.00958893, 0, 0.707107, 0.707107, 0.0135608, -0.707042, 0.707042, 3.75911, 0.495138, 0.874582 )

[node name="House3" parent="Houses" instance=ExtResource( 3 )]
transform = Transform( 1, 0, 0, 0, 0.707107, 0.707107, 0, -0.707107, 0.707107, -4.19944, 0.495138, 0.809847 )

[node name="House4" parent="Houses" instance=ExtResource( 3 )]
transform = Transform( 1, 0, 0, 0, 0.707107, 0.707107, 0, -0.707107, 0.707107, -4.16925, 0.444812, 12.9009 )

[node name="House23" parent="Houses" instance=ExtResource( 3 )]
transform = Transform( 1, 0, 0, 0, 0.707107, 0.707107, 0, -0.707107, 0.707107, 1.62822, 0.491248, 12.8818 )

[node name="House25" parent="Houses" instance=ExtResource( 3 )]
transform = Transform( 1, 0, 0, 0, 0.707107, 0.707107, 0, -0.707107, 0.707107, 1.61273, 0.509661, 16.8851 )

[node name="House5" parent="Houses" instance=ExtResource( 3 )]
transform = Transform( 1, 0, 0, 0, 0.707107, 0.707107, 0, -0.707107, 0.707107, 4.3157, 0.489737, 12.857 )

[node name="House26" parent="Houses" instance=ExtResource( 3 )]
transform = Transform( 1, 0, 0, 0, 0.707107, 0.707107, 0, -0.707107, 0.707107, 9.30844, 0.489737, 12.857 )

[node name="House27" parent="Houses" instance=ExtResource( 3 )]
transform = Transform( 1, 0, 0, 0, 0.707107, 0.707107, 0, -0.707107, 0.707107, 12.761, 0.489737, 12.857 )

[node name="House28" parent="Houses" instance=ExtResource( 3 )]
transform = Transform( 1, 0, 0, 0, 0.707107, 0.707107, 0, -0.707107, 0.707107, 12.4851, 0.489737, 16.8875 )

[node name="House29" parent="Houses" instance=ExtResource( 3 )]
transform = Transform( 1, 0, 0, 0, 0.707107, 0.707107, 0, -0.707107, 0.707107, 9.75906, 0.489737, 16.8875 )

[node name="House24" parent="Houses" instance=ExtResource( 3 )]
transform = Transform( 1, 0, 0, 0, 0.707107, 0.707107, 0, -0.707107, 0.707107, 4.3157, 0.489737, 16.8914 )

[node name="House6" parent="Houses" instance=ExtResource( 3 )]
transform = Transform( 1, 0, 0, 0, 0.707107, 0.707107, 0, -0.707107, 0.707107, 4.31219, 0.495138, -3.26908 )

[node name="House9" parent="Houses" instance=ExtResource( 3 )]
transform = Transform( 1, 0, 0, 0, 0.707107, 0.707107, 0, -0.707107, 0.707107, 9.8264, 0.462024, -3.29474 )

[node name="House33" parent="Houses" instance=ExtResource( 3 )]
transform = Transform( 1, 0, 0, 0, 0.707107, 0.707107, 0, -0.707107, 0.707107, 9.8264, 0.462024, 0.628892 )

[node name="House32" parent="Houses" instance=ExtResource( 3 )]
transform = Transform( 1, 0, 0, 0, 0.707107, 0.707107, 0, -0.707107, 0.707107, 12.2515, 0.462024, -3.29474 )

[node name="House34" parent="Houses" instance=ExtResource( 3 )]
transform = Transform( 1, 0, 0, 0, 0.707107, 0.707107, 0, -0.707107, 0.707107, 12.2515, 0.462024, 0.586494 )

[node name="House10" parent="Houses" instance=ExtResource( 3 )]
transform = Transform( 1, 0, 0, 0, 0.707107, 0.707107, 0, -0.707107, 0.707107, 9.47383, 0.450386, 4.78693 )

[node name="House30" parent="Houses" instance=ExtResource( 3 )]
transform = Transform( 1, 0, 0, 0, 0.707107, 0.707107, 0, -0.707107, 0.707107, 12.0354, 0.450386, 4.78693 )

[node name="House31" parent="Houses" instance=ExtResource( 3 )]
transform = Transform( 1, 0, 0, 0, 0.707107, 0.707107, 0, -0.707107, 0.707107, 9.94722, 0.450386, 8.57803 )

[node name="House11" parent="Houses" instance=ExtResource( 3 )]
transform = Transform( 1, 0, 0, 0, 0.707107, 0.707107, 0, -0.707107, 0.707107, -4.71418, 0.495138, -3.17803 )

[node name="House12" parent="Houses" instance=ExtResource( 3 )]
transform = Transform( 1, 0, 0, 0, 0.707107, 0.707107, 0, -0.707107, 0.707107, -12.0373, 0.452516, -3.16973 )

[node name="House13" parent="Houses" instance=ExtResource( 3 )]
transform = Transform( 1, 0, 0, 0, 0.707107, 0.707107, 0, -0.707107, 0.707107, -9.64478, 0.452516, -3.16498 )

[node name="House14" parent="Houses" instance=ExtResource( 3 )]
transform = Transform( 1, 0, 0, 0, 0.707107, 0.707107, 0, -0.707107, 0.707107, -9.64478, 0.452516, 0.819001 )

[node name="House15" parent="Houses" instance=ExtResource( 3 )]
transform = Transform( 1, 0, 0, 0, 0.707107, 0.707107, 0, -0.707107, 0.707107, -12.2243, 0.452516, 0.819001 )

[node name="House16" parent="Houses" instance=ExtResource( 3 )]
transform = Transform( 1, 0, 0, 0, 0.707107, 0.707107, 0, -0.707107, 0.707107, -12.2243, 0.452516, 8.87025 )

[node name="House19" parent="Houses" instance=ExtResource( 3 )]
transform = Transform( 1, 0, 0, 0, 0.707107, 0.707107, 0, -0.707107, 0.707107, -12.2243, 0.452516, 12.994 )

[node name="House20" parent="Houses" instance=ExtResource( 3 )]
transform = Transform( 1, 0, 0, 0, 0.707107, 0.707107, 0, -0.707107, 0.707107, -9.575, 0.452516, 12.994 )

[node name="House21" parent="Houses" instance=ExtResource( 3 )]
transform = Transform( 1, 0, 0, 0, 0.707107, 0.707107, 0, -0.707107, 0.707107, -9.575, 0.452516, 16.8705 )

[node name="House22" parent="Houses" instance=ExtResource( 3 )]
transform = Transform( 1, 0, 0, 0, 0.707107, 0.707107, 0, -0.707107, 0.707107, -12.0343, 0.452516, 16.8705 )

[node name="House17" parent="Houses" instance=ExtResource( 3 )]
transform = Transform( 1, 0, 0, 0, 0.707107, 0.707107, 0, -0.707107, 0.707107, -9.50297, 0.452516, 4.75521 )

[node name="House18" parent="Houses" instance=ExtResource( 3 )]
transform = Transform( 1, 0, 0, 0, 0.707107, 0.707107, 0, -0.707107, 0.707107, -9.50297, 0.452516, 8.8985 )

[node name="House7" parent="Houses" instance=ExtResource( 3 )]
transform = Transform( 1, 0, 0, 0, 0.707107, 0.707107, 0, -0.707107, 0.707107, 1.58774, 0.495138, -3.15393 )

[node name="House8" parent="Houses" instance=ExtResource( 3 )]
transform = Transform( 1, 0, 0, 0, 0.707107, 0.707107, 0, -0.707107, 0.707107, -2.11276, 0.495138, -3.21453 )

[node name="Bystanders" type="Spatial" parent="."]
transform = Transform( 1, 0, 0, 0, 1, 0, 0, 0, 1, 0, 0.0808756, 0.852619 )

[node name="Group" parent="Bystanders" instance=ExtResource( 5 )]
transform = Transform( 1, 0, 0, 0, 1, 0, 0, 0, 1, 1.93664, 0, 1.42117 )

[node name="Group2" parent="Bystanders" instance=ExtResource( 5 )]
transform = Transform( 1, 0, 0, 0, 1, 0, 0, 0, 1, -2.24674, 0, 2.55784 )
boids_n = 2

[node name="Group3" parent="Bystanders" instance=ExtResource( 5 )]
transform = Transform( 1, 0, 0, 0, 1, 0, 0, 0, 1, -5.52051, 0, 4.11341 )
boids_n = 2

[node name="Group8" parent="Bystanders" instance=ExtResource( 5 )]
transform = Transform( 1, 0, 0, 0, 1, 0, 0, 0, 1, -8.04817, 0, -0.222184 )
boids_n = 2

[node name="Group9" parent="Bystanders" instance=ExtResource( 5 )]
transform = Transform( 1, 0, 0, 0, 1, 0, 0, 0, 1, -8.04817, 0, 9.40651 )
boids_n = 3

[node name="Group10" parent="Bystanders" instance=ExtResource( 5 )]
transform = Transform( 1, 0, 0, 0, 1, 0, 0, 0, 1, -4.2457, 0, 14.137 )
boids_n = 5
task_size = 6

[node name="Group4" parent="Bystanders" instance=ExtResource( 5 )]
transform = Transform( 1, 0, 0, 0, 1, 0, 0, 0, 1, 1.25042, 0, 5.37397 )

[node name="Group11" parent="Bystanders" instance=ExtResource( 5 )]
transform = Transform( 1, 0, 0, 0, 1, 0, 0, 0, 1, 4.01088, 0, 9.1324 )
boids_n = 2

[node name="Group12" parent="Bystanders" instance=ExtResource( 5 )]
transform = Transform( 1, 0, 0, 0, 1, 0, 0, 0, 1, 5.88464, 0, -2.16118 )
boids_n = 2

[node name="Group5" parent="Bystanders" instance=ExtResource( 5 )]
transform = Transform( 1, 0, 0, 0, 1, 0, 0, 0, 1, 5.73999, 0, 6.55896 )
boids_n = 2

[node name="Group6" parent="Bystanders" instance=ExtResource( 5 )]
transform = Transform( 1, 0, 0, 0, 1, 0, 0, 0, 1, -0.79121, 0, 6.55896 )
boids_n = 4
task_size = 6

[node name="Group7" parent="Bystanders" instance=ExtResource( 5 )]
transform = Transform( 1, 0, 0, 0, 1, 0, 0, 0, 1, -11.7502, 0, 4.42614 )
boids_n = 4
task_size = 6

[node name="BeatManager" type="Spatial" parent="."]
script = ExtResource( 6 )

[node name="AudioStreamPlayer" type="AudioStreamPlayer" parent="BeatManager"]
stream = ExtResource( 7 )
volume_db = -10.097

[node name="UILayer" type="CanvasLayer" parent="."]

[node name="BeatIndicatorUI" type="Control" parent="UILayer"]
anchor_right = 1.0
margin_top = 8.0
margin_bottom = 50.0
grow_horizontal = 2
grow_vertical = 2
script = ExtResource( 9 )
__meta__ = {
"_edit_use_anchors_": false
}
beat_manager_node = NodePath("../../BeatManager")

[node name="TextureRect" type="TextureRect" parent="UILayer/BeatIndicatorUI"]
anchor_left = 0.5
anchor_top = 0.5
anchor_right = 0.5
anchor_bottom = 0.5
margin_left = -6.10352e-05
margin_top = 27.0
margin_right = 31.9999
margin_bottom = 59.0
rect_min_size = Vector2( 32, 32 )
rect_pivot_offset = Vector2( 16, 16 )
texture = ExtResource( 8 )
expand = true
__meta__ = {
"_edit_use_anchors_": false
}

[node name="InputChainUI" type="Node2D" parent="UILayer"]
visible = false
position = Vector2( 104, 168 )
script = ExtResource( 12 )
input_manager_node = NodePath("../../InputManager")

[node name="NotificationUI" type="Control" parent="UILayer"]
anchor_right = 1.0
anchor_bottom = 1.0
__meta__ = {
"_edit_use_anchors_": false
}

[node name="Tasks" type="Control" parent="UILayer/NotificationUI"]
margin_right = 40.0
margin_bottom = 40.0

[node name="Messages" type="Control" parent="UILayer/NotificationUI"]
margin_right = 40.0
margin_bottom = 40.0
__meta__ = {
"_edit_use_anchors_": false
}

[node name="CrowdSize" type="Control" parent="UILayer"]
margin_right = 40.0
margin_bottom = 40.0
script = ExtResource( 17 )
__meta__ = {
"_edit_use_anchors_": false
}

[node name="Label" type="Label" parent="UILayer/CrowdSize"]
margin_left = 96.0
margin_top = 936.0
margin_right = 296.0
margin_bottom = 986.0
custom_fonts/font = ExtResource( 15 )
text = "Protesters"
__meta__ = {
"_edit_use_anchors_": false
}

[node name="Label2" type="Label" parent="UILayer/CrowdSize"]
margin_left = 120.0
margin_top = 976.0
margin_right = 270.0
margin_bottom = 1026.0
rect_pivot_offset = Vector2( 72, 32 )
custom_fonts/font = ExtResource( 14 )
text = "1"
align = 1
__meta__ = {
"_edit_use_anchors_": false
}

[node name="TimeLeft" type="Control" parent="UILayer"]
margin_left = 1528.0
margin_right = 1568.0
margin_bottom = 40.0
script = ExtResource( 21 )
__meta__ = {
"_edit_use_anchors_": false
}

[node name="Label" type="Label" parent="UILayer/TimeLeft"]
margin_left = 96.0
margin_top = 936.0
margin_right = 296.0
margin_bottom = 986.0
custom_fonts/font = ExtResource( 15 )
text = "Time left"
__meta__ = {
"_edit_use_anchors_": false
}

[node name="Label2" type="Label" parent="UILayer/TimeLeft"]
margin_left = 72.0
margin_top = 976.0
margin_right = 322.0
margin_bottom = 1026.0
custom_fonts/font = ExtResource( 14 )
text = "00:00"
valign = 1
__meta__ = {
"_edit_use_anchors_": false
}

[node name="SpiritMeter" type="Control" parent="UILayer"]
margin_left = 632.0
margin_top = 952.0
margin_right = 672.0
margin_bottom = 992.0
script = ExtResource( 20 )
__meta__ = {
"_edit_use_anchors_": false
}

[node name="TextureProgress" type="TextureProgress" parent="UILayer/SpiritMeter"]
margin_left = 24.0
margin_top = 16.0
margin_right = 724.0
margin_bottom = 66.0
rect_min_size = Vector2( 700, 50 )
value = 50.0
texture_under = ExtResource( 19 )
texture_progress = ExtResource( 18 )
nine_patch_stretch = true
__meta__ = {
"_edit_use_anchors_": false
}

[node name="Label" type="Label" parent="UILayer/SpiritMeter"]
margin_left = 312.0
margin_top = -16.0
margin_right = 432.0
margin_bottom = 4.0
custom_fonts/font = ExtResource( 15 )
text = "Spirit"
__meta__ = {
"_edit_use_anchors_": false
}

[node name="GridMap" type="GridMap" parent="."]
transform = Transform( 1, 0, 0, 0, 1, 0, 0, 0, 1, 0, -1, 0 )
mesh_library = ExtResource( 16 )
data = {
"cells": PoolIntArray( 0, 0, -1609957365, 1, 0, 655372, 2, 0, 655371, 3, 0, 537526286, 4, 0, 655373, 5, 0, 8, 6, 0, 8, 7, 0, 9, 8, 0, -1073741813, 9, 0, 11, 10, 0, 11, 11, 0, 11, 12, 0, 11, 13, 0, 11, 14, 0, 11, 65520, 0, 11, 65521, 0, 11, 65522, 0, 11, 65523, 0, 11, 65524, 0, 11, 65525, 0, 11, 65526, 0, 11, 65527, 0, 11, 65528, 0, 9, 65529, 0, 8, 65530, 0, 8, 65531, 0, 13, 65532, 0, 14, 65533, 0, 11, 65534, 0, 655372, 65535, 0, 655371, 0, 1, 655371, 1, 1, 655372, 2, 1, 11, 3, 1, 1441800, 4, 1, 11, 5, 1, 11, 6, 1, 11, 7, 1, 1441800, 8, 1, 655371, 9, 1, 11, 10, 1, 11, 11, 1, 11, 12, 1, 11, 13, 1, 11, 14, 1, 11, 65521, 1, -1610612725, 65522, 1, 11, 65523, 1, 11, 65524, 1, 11, 65525, 1, 11, 65526, 1, 11, 65527, 1, 11, 65528, 1, 1441800, 65529, 1, 655372, 65530, 1, 11, 65531, 1, 11, 65532, 1, 1441800, 65533, 1, 11, 65534, 1, 655372, 65535, 1, 655371, 0, 2, -1073086453, 1, 2, 655372, 2, 2, 11, 3, 2, 655374, 4, 2, 655373, 5, 2, 8, 6, 2, 8, 7, 2, 9, 8, 2, 11, 9, 2, 11, 10, 2, 11, 11, 2, 11, 12, 2, 11, 13, 2, 11, 14, 2, 11, 65521, 2, 11, 65522, 2, 11, 65523, 2, 11, 65524, 2, 11, 65525, 2, 11, 65526, 2, 11, 65527, 2, 11, 65528, 2, 1441801, 65529, 2, 8, 65530, 2, 8, 65531, 2, 13, 65532, 2, 14, 65533, 2, 11, 65534, 2, 655372, 65535, 2, 655371, 0, 3, 655371, 1, 3, 655372, 2, 3, 11, 3, 3, 1441800, 4, 3, 11, 5, 3, 11, 6, 3, -1073741812, 7, 3, 1441800, 8, 3, 11, 9, 3, 11, 10, 3, -1610612725, 11, 3, 11, 12, 3, 11, 13, 3, 11, 14, 3, 11, 65520, 3, 11, 65521, 3, 11, 65522, 3, 11, 65523, 3, 536870923, 65524, 3, 11, 65525, 3, 11, 65526, 3, 11, 65527, 3, 11, 65528, 3, 1441800, 65529, 3, 11, 65530, 3, 11, 65531, 3, 11, 65532, 3, 1441800, 65533, 3, 11, 65534, 3, 655372, 65535, 3, 655371, 0, 4, 8, 1, 4, 536870920, 2, 4, 8, 3, 4, 1441801, 4, 4, 8, 5, 4, 8, 6, 4, 536870920, 7, 4, 9, 8, 4, 536870923, 9, 4, -1610612725, 10, 4, 536870923, 11, 4, 536870923, 12, 4, 536870923, 13, 4, 11, 14, 4, 536870923, 65520, 4, 536870923, 65521, 4, 536870923, 65522, 4, 11, 65523, 4, 536870923, 65524, 4, 11, 65525, 4, 536870923, 65526, 4, 536870923, 65527, 4, -1610612725, 65528, 4, 9, 65529, 4, 536870920, 65530, 4, 536870920, 65531, 4, 536870920, 65532, 4, 1441801, 65533, 4, 8, 65534, 4, 536870920, 65535, 4, 537919502, 0, 5, 11, 1, 5, -1610612725, 2, 5, 536870923, 3, 5, 538312712, 4, 5, 11, 5, 5, -1610612725, 6, 5, 11, 7, 5, 1048584, 8, 5, 11, 9, 5, 11, 10, 5, -1610612725, 11, 5, 536870923, 12, 5, 536870923, 13, 5, -1610612725, 14, 5, 11, 65521, 5, -1610612725, 65522, 5, -1610612725, 65523, 5, 11, 65524, 5, 11, 65525, 5, 11, 65526, 5, 11, 65527, 5, -2147483637, 65528, 5, 1048584, 65529, 5, -1610612725, 65530, 5, 11, 65531, 5, 11, 65532, 5, -1609170936, 65533, 5, 11, 65534, 5, -1610612725, 65535, 5, 1048589, 0, 6, -1609957368, 1, 6, -1609957368, 2, 6, 655368, 3, 6, -1609170935, 4, 6, -1609957368, 5, 6, 655368, 6, 6, 655368, 7, 6, -1609170935, 8, 6, 11, 9, 6, 11, 10, 6, 11, 11, 6, 11, 12, 6, 11, 13, 6, 11, 14, 6, 11, 65522, 6, 11, 65523, 6, 11, 65524, 6, -1610612725, 65525, 6, 11, 65526, 6, 655371, 65527, 6, 655371, 65528, 6, 1441801, 65529, 6, 655368, 65530, 6, 655368, 65531, 6, 655368, 65532, 6, -1609170935, 65533, 6, 655368, 65534, 6, 655368, 65535, 6, 1441801, 0, 7, 11, 1, 7, 11, 2, 7, 11, 3, 7, 1048584, 4, 7, 11, 5, 7, -1610612725, 6, 7, 11, 7, 7, 1048584, 8, 7, 11, 9, 7, -1610612725, 10, 7, 11, 11, 7, 11, 12, 7, 11, 13, 7, 11, 14, 7, 11, 65521, 7, 536870923, 65522, 7, 11, 65523, 7, -1610612725, 65524, 7, 11, 65525, 7, -1610612725, 65526, 7, 11, 65527, 7, 655371, 65528, 7, -1609564152, 65529, 7, 11, 65530, 7, -1610612725, 65531, 7, 11, 65532, 7, 1048584, 65533, 7, 1048588, 65534, 7, 1048588, 65535, 7, 1048584, 0, 8, 655368, 1, 8, 655368, 2, 8, 655368, 3, 8, 1441801, 4, 8, -1609957368, 5, 8, -1609957368, 6, 8, 655368, 7, 8, 1441802, 8, 8, -1609170933, 9, 8, 11, 10, 8, -1610612725, 11, 8, 11, 12, 8, 11, 13, 8, 11, 14, 8, 11, 65521, 8, 11, 65522, 8, 11, 65523, 8, -1610612725, 65524, 8, 11, 65525, 8, 11, 65526, 8, 11, 65527, 8, 11, 65528, 8, 655370, 65529, 8, 655368, 65530, 8, 655368, 65531, 8, 655368, 65532, 8, 1441801, 65533, 8, 655368, 65534, 8, 655368, 65535, 8, 1441801, 0, 9, 11, 1, 9, 536870923, 2, 9, 11, 3, 9, 11, 4, 9, 11, 5, 9, -1610612725, 6, 9, 11, 7, 9, 11, 8, 9, 11, 9, 9, 11, 10, 9, 11, 11, 9, 11, 12, 9, 11, 13, 9, 11, 14, 9, -1610612725, 15, 9, 11, 65521, 9, 11, 65522, 9, 11, 65523, 9, 11, 65524, 9, 11, 65525, 9, 11, 65526, 9, 11, 65527, 9, 11, 65528, 9, 11, 65529, 9, 11, 65530, 9, 11, 65531, 9, 11, 65532, 9, 11, 65533, 9, 11, 65534, 9, 11, 65535, 9, 11, 0, 10, 11, 1, 10, 11, 2, 10, 11, 3, 10, -1610612725, 4, 10, 11, 5, 10, 11, 6, 10, 11, 7, 10, 11, 8, 10, 11, 9, 10, 11, 10, 10, 11, 11, 10, 11, 12, 10, 11, 13, 10, 11, 65521, 10, 11, 65522, 10, 11, 65523, 10, 11, 65524, 10, 11, 65525, 10, 11, 65526, 10, 11, 65527, 10, 11, 65528, 10, 11, 65529, 10, 11, 65530, 10, 11, 65531, 10, 11, 65532, 10, 11, 65533, 10, 11, 65534, 10, 11, 65535, 10, 11, 0, 11, 11, 1, 11, 11, 2, 11, 11, 3, 11, 11, 4, 11, 11, 5, 11, 11, 6, 11, 11, 7, 11, 11, 8, 11, 11, 9, 11, 11, 10, 11, 11, 11, 11, 11, 12, 11, 11, 13, 11, 11, 65520, 11, 11, 65521, 11, -1610612725, 65522, 11, 11, 65523, 11, 11, 65524, 11, -1610612725, 65525, 11, 11, 65526, 11, 11, 65527, 11, -1610612725, 65528, 11, -1610612725, 65529, 11, 11, 65530, 11, 11, 65531, 11, 11, 65532, 11, 11, 65533, 11, 11, 65534, 11, 11, 65535, 11, -1610612725, 65520, 12, 11, 65521, 12, 11, 65522, 12, 11, 65523, 12, 11, 65524, 12, 11, 65525, 12, -1610612725, 65526, 12, 11, 65527, 12, 11, 65528, 12, 11, 65529, 12, 11, 65530, 12, -1610612725, 65531, 12, 11, 65532, 12, 11, 0, 13, 11, 65521, 13, 11, 65522, 13, 11, 65523, 13, 11, 65524, 13, 11, 65525, 13, 11, 65526, 13, 11, 65527, 13, 11, 65528, 13, 11, 65529, 13, 11, 65530, 13, 11, 65531, 13, 11, 65532, 13, 11, 65533, 13, 11, 65534, 13, 11, 65535, 13, 11, 65528, 65517, 11, 65524, 65518, 11, 0, 65519, 11, 65523, 65519, 11, 65529, 65519, 11, 2, 65520, 11, 65525, 65520, 11, 65527, 65520, 11, 65530, 65520, 11, 65533, 65520, 11, 65535, 65520, 11, 65523, 65521, 11, 65525, 65521, 11, 65527, 65521, 11, 65528, 65521, 11, 65530, 65521, 11, 4, 65522, 11, 15, 65522, 11, 16, 65522, 11, 65525, 65522, 11, 65526, 65522, 11, 65527, 65522, 11, 65528, 65522, 11, 65532, 65522, 11, 5, 65523, 11, 6, 65523, 11, 7, 65523, 11, 9, 65523, 11, 10, 65523, 11, 11, 65523, 11, 12, 65523, 11, 16, 65523, 11, 65523, 65523, 11, 65525, 65523, 11, 65526, 65523, 11, 65527, 65523, 11, 65528, 65523, 11, 65529, 65523, 11, 65530, 65523, 11, 65531, 65523, 11, 65532, 65523, 536870923, 65534, 65523, -1610612725, 65535, 65523, 11, 0, 65524, 11, 1, 65524, 11, 2, 65524, 11, 3, 65524, -1073741813, 4, 65524, 11, 5, 65524, 11, 6, 65524, 11, 7, 65524, 11, 8, 65524, 11, 9, 65524, -1073741813, 10, 65524, 11, 12, 65524, -1073741813, 13, 65524, 11, 14, 65524, 11, 15, 65524, 11, 16, 65524, 11, 65523, 65524, 11, 65525, 65524, 11, 65526, 65524, 11, 65527, 65524, 11, 65528, 65524, 11, 65529, 65524, 11, 65530, 65524, 11, 65531, 65524, -1073741813, 65532, 65524, 11, 65533, 65524, 11, 65534, 65524, 11, 65535, 65524, -1073741813, 0, 65525, 11, 1, 65525, 11, 2, 65525, 11, 3, 65525, 11, 4, 65525, 11, 5, 65525, 11, 6, 65525, 11, 7, 65525, 11, 8, 65525, 11, 9, 65525, 11, 10, 65525, 11, 11, 65525, 11, 12, 65525, -1073741813, 13, 65525, -1073741813, 14, 65525, -1073741813, 15, 65525, 11, 16, 65525, 11, 65523, 65525, 11, 65524, 65525, 11, 65525, 65525, 11, 65526, 65525, 11, 65527, 65525, 11, 65528, 65525, 11, 65529, 65525, 11, 65530, 65525, 11, 65531, 65525, 11, 65532, 65525, 11, 65533, 65525, -1610612725, 65534, 65525, 11, 65535, 65525, 11, 0, 65526, 11, 1, 65526, 11, 2, 65526, 11, 3, 65526, 11, 4, 65526, -1610612725, 5, 65526, 11, 6, 65526, -1073741813, 7, 65526, -1073741813, 8, 65526, 11, 9, 65526, 11, 10, 65526, 11, 11, 65526, 11, 12, 65526, 11, 13, 65526, 11, 14, 65526, 11, 15, 65526, 11, 16, 65526, 11, 65523, 65526, -1610612725, 65524, 65526, -1610612725, 65525, 65526, 11, 65526, 65526, 11, 65527, 65526, 11, 65528, 65526, 11, 65529, 65526, 11, 65530, 65526, 11, 65531, 65526, 11, 65532, 65526, -1073741813, 65533, 65526, 11, 65534, 65526, 11, 65535, 65526, 11, 0, 65527, 11, 1, 65527, 11, 2, 65527, 11, 3, 65527, -1073741813, 4, 65527, -1073741813, 5, 65527, 11, 6, 65527, -1073741813, 7, 65527, 11, 8, 65527, 11, 9, 65527, 11, 10, 65527, 11, 11, 65527, 11, 12, 65527, 11, 13, 65527, 11, 14, 65527, 11, 15, 65527, 11, 16, 65527, 11, 65523, 65527, 11, 65524, 65527, 11, 65525, 65527, 11, 65526, 65527, 11, 65527, 65527, 11, 65528, 65527, 11, 65529, 65527, 11, 65530, 65527, 11, 65531, 65527, 11, 65532, 65527, 11, 65533, 65527, 11, 65534, 65527, 11, 65535, 65527, 11, 0, 65528, 11, 1, 65528, 11, 2, 65528, 11, 3, 65528, 11, 4, 65528, 11, 5, 65528, 11, 6, 65528, 11, 7, 65528, 11, 8, 65528, 11, 9, 65528, 11, 10, 65528, 11, 11, 65528, -1073741813, 12, 65528, 11, 13, 65528, 11, 14, 65528, 11, 15, 65528, 11, 16, 65528, 11, 65523, 65528, 11, 65524, 65528, 11, 65525, 65528, 11, 65526, 65528, 11, 65527, 65528, 11, 65528, 65528, 11, 65529, 65528, 11, 65530, 65528, 11, 65531, 65528, 11, 65532, 65528, 11, 65533, 65528, 11, 65534, 65528, 11, 65535, 65528, 11, 0, 65529, 11, 1, 65529, 11, 2, 65529, 11, 3, 65529, 11, 4, 65529, 11, 5, 65529, 11, 6, 65529, 11, 7, 65529, 11, 8, 65529, 11, 9, 65529, 11, 10, 65529, 11, 11, 65529, 11, 12, 65529, 11, 13, 65529, 11, 14, 65529, 11, 15, 65529, 11, 16, 65529, 11, 17, 65529, 11, 65521, 65529, 11, 65522, 65529, 11, 65523, 65529, 11, 65524, 65529, 11, 65525, 65529, 11, 65526, 65529, 11, 65527, 65529, 11, 65528, 65529, 11, 65529, 65529, 11, 65530, 65529, 11, 65531, 65529, 11, 65532, 65529, 11, 65533, 65529, 11, 65534, 65529, 11, 65535, 65529, 11, 0, 65530, 11, 1, 65530, 11, 2, 65530, 11, 3, 65530, 11, 4, 65530, 11, 5, 65530, 11, 6, 65530, 11, 7, 65530, 11, 8, 65530, 11, 9, 65530, 11, 10, 65530, 11, 11, 65530, 11, 12, 65530, 11, 13, 65530, 11, 14, 65530, 11, 15, 65530, 11, 16, 65530, 11, 17, 65530, 11, 65521, 65530, 11, 65522, 65530, 11, 65523, 65530, 11, 65524, 65530, 11, 65525, 65530, 11, 65526, 65530, 11, 65527, 65530, 11, 65528, 65530, 11, 65529, 65530, 11, 65530, 65530, 11, 65531, 65530, 11, 65532, 65530, 11, 65533, 65530, 655371, 65534, 65530, 11, 65535, 65530, 11, 0, 65531, 11, 1, 65531, 11, 2, 65531, 11, 3, 65531, 11, 4, 65531, 11, 5, 65531, 11, 6, 65531, 11, 7, 65531, 11, 8, 65531, 11, 9, 65531, 11, 10, 65531, 11, 11, 65531, 11, 12, 65531, 11, 13, 65531, 11, 14, 65531, 11, 15, 65531, 11, 16, 65531, 11, 65521, 65531, 11, 65522, 65531, 11, 65523, 65531, 11, 65524, 65531, 11, 65525, 65531, 11, 65526, 65531, 11, 65527, 65531, 11, 65528, 65531, 11, 65529, 65531, 655371, 65530, 65531, 655371, 65531, 65531, 655371, 65532, 65531, 655371, 65533, 65531, 655371, 65534, 65531, 11, 65535, 65531, 11, 0, 65532, 8, 1, 65532, 8, 2, 65532, 8, 3, 65532, 1048590, 4, 65532, 8, 5, 65532, 8, 6, 65532, 8, 7, 65532, 10, 8, 65532, 11, 9, 65532, 11, 10, 65532, 11, 11, 65532, 11, 12, 65532, 11, 13, 65532, 11, 14, 65532, 11, 15, 65532, 11, 16, 65532, 11, 65521, 65532, 11, 65522, 65532, 11, 65523, 65532, 11, 65524, 65532, 11, 65525, 65532, 11, 65526, 65532, 11, 65527, 65532, 11, 65528, 65532, 1048586, 65529, 65532, 8, 65530, 65532, 8, 65531, 65532, 8, 65532, 65532, 1048590, 65533, 65532, 8, 65534, 65532, 8, 65535, 65532, 1073741832, 0, 65533, 1048587, 1, 65533, 1048587, 2, 65533, 11, 3, 65533, 1048589, 4, 65533, 11, 5, 65533, 11, 6, 65533, 11, 7, 65533, 1441800, 8, 65533, 11, 9, 65533, 11, 10, 65533, 11, 11, 65533, 11, 12, 65533, 11, 13, 65533, 536870923, 14, 65533, 11, 15, 65533, 11, 16, 65533, 536870923, 65520, 65533, 11, 65521, 65533, 11, 65522, 65533, 11, 65523, 65533, 11, 65524, 65533, 11, 65525, 65533, 11, 65526, 65533, 11, 65527, 65533, 11, 65528, 65533, 1048584, 65529, 65533, 655371, 65530, 65533, 11, 65531, 65533, 11, 65532, 65533, 1048589, 65533, 65533, 11, 65534, 65533, 11, 65535, 65533, 11, 0, 65534, 537526280, 1, 65534, 655368, 2, 65534, 655368, 3, 65534, 655369, 4, 65534, 655368, 5, 65534, 8, 6, 65534, 8, 7, 65534, 9, 8, 65534, 11, 9, 65534, 11, 10, 65534, 11, 11, 65534, 11, 12, 65534, 11, 13, 65534, 11, 14, 65534, 11, 15, 65534, 11, 65520, 65534, 11, 65521, 65534, 536870923, 65522, 65534, 11, 65523, 65534, 11, 65524, 65534, 11, 65525, 65534, 11, 65526, 65534, 11, 65527, 65534, 11, 65528, 65534, 9, 65529, 65534, 8, 65530, 65534, 8, 65531, 65534, 655368, 65532, 65534, 655369, 65533, 65534, 655368, 65534, 65534, 655368, 65535, 65534, 655368, 0, 65535, 11, 1, 65535, 1073741835, 2, 65535, 655371, 3, 65535, 1441800, 4, 65535, 11, 5, 65535, 11, 6, 65535, 11, 7, 65535, 1441800, 8, 65535, 536870923, 9, 65535, 11, 10, 65535, 11, 11, 65535, 11, 12, 65535, 11, 13, 65535, 11, 14, 65535, 11, 15, 65535, 11, 65521, 65535, 11, 65522, 65535, 11, 65523, 65535, 11, 65524, 65535, 11, 65525, 65535, 11, 65526, 65535, 11, 65527, 65535, 1048587, 65528, 65535, 538312712, 65529, 65535, 11, 65530, 65535, 11, 65531, 65535, 11, 65532, 65535, 1441800, 65533, 65535, 11, 65534, 65535, 11, 65535, 65535, 11 )
}
__meta__ = {
"_editor_clip_": 0
}

[node name="TaskManager" type="Spatial" parent="."]
script = ExtResource( 4 )
beat_manager_node = NodePath("../BeatManager")

[node name="Protest" type="Spatial" parent="."]

[node name="Timer" type="Timer" parent="."]
wait_time = 900.0
one_shot = true
[connection signal="timeout" from="Crowd/TaskTimer" to="Crowd" method="_on_TaskTimer_timeout"]
[connection signal="finished" from="BeatManager/AudioStreamPlayer" to="BeatManager" method="_on_AudioStreamPlayer_finished"]
[connection signal="timeout" from="Timer" to="." method="_on_Timer_timeout"]
